The following is a table with features in the first few columns and the label in the last column.
I will supply multiple instances with features and the corresponding label for your reference.
|67|106|142|0.3|0|4|0|0|0|1|2|3|0|223|
|48|110|168|1.0|1|2|0|0|0|3|0|7|1|229|
|41|130|168|2.0|1|3|0|2|0|2|0|3|0|214|
|56|120|178|0.8|1|2|0|0|0|1|0|3|0|236|
|58|100|156|0.1|1|4|0|0|0|1|1|7|2|234|
|62|140|160|3.6|0|4|0|2|0|3|2|3|3|268|
|62|150|154|1.4|0|4|0|0|1|2|0|3|1|244|
|54|110|126|2.8|1|4|0|0|1|2|1|7|3|239|
|57|132|168|0.0|1|4|0|0|1|1|0|7|0|207|
|60|140|155|3.0|1|3|0|2|0|2|0|3|1|185|
|64|130|122|2.0|0|4|0|0|0|2|2|3|0|303|
|45|130|175|0.6|0|2|0|2|0|2|0|3|0|234|
|62|130|146|1.8|1|3|0|0|0|2|3|7|0|231|
|38|138|173|0.0|1|3|0|0|0|1|?|3|0|175|
|51|140|142|1.5|0|3|0|2|0|1|1|3|0|308|
|64|180|154|0.0|0|4|0|0|1|1|0|3|0|325|
|51|130|149|0.5|0|3|0|2|0|1|0|3|0|<MASK>|
Please use the supplied data to predict the <MASK> label.
Answer: 256